n <- 473
PHENO <- c( 0.666537, -0.256522, 0.290114, -0.452893, -2.28857, -0.232636, 0.800221, 1.48044, 0.377028, 2.50429, 0.675883, 0.317467, -1.42201, 0.342524, 0.403393, -0.286885, -0.238145, -1.02134, 2.4579, -0.115632, 0.218606, -0.688359, -0.352018, -1.12837, -0.259445, 1.73859, -0.526179, -0.931399, -0.341193, -1.58203, -0.551092, -1.09044, -0.248153, -1.68381, -1.37746, -0.816525, -0.862841, -0.722664, -0.688148, -0.389165, -0.251724, -1.00614, -1.08931, 1.27015, -0.698941, 1.23328, -0.32917, 0.920677, -1.87026, -0.182504, -2.34188, -1.59576, 0.981771, -1.10049, -0.67118, 0.718607, -0.439402, 1.64348, 1.1206, 1.74593, -0.557819, -0.1292, 1.61446, 1.43891, 0.00325928, 1.11561, 1.60207, -1.03247, 0.0391209, 1.07499, 0.967503, -1.21997, 0.150617, -1.47335, 0.230273, -2.17245, 0.18998, -1.00531, 0.0609993, 0.638358, -0.150534, 1.15954, 1.92048, -0.396279, 0.336593, -0.371496, 0.789005, -0.0786893, 0.0117589, -0.985539, -0.628819, -0.0080698, 1.05709, 1.00879, -2.38117, -0.330654, 0.862335, 1.08857, 0.568075, 0.711682, 0.27438, -0.443827, -1.25801, 0.347125, -0.634353, 0.190603, -1.42967, -2.42323, 1.7922, 1.29022, 1.20306, -0.268693, -0.510583, -0.731798, 0.343507, 0.980198, -0.849006, -0.648147, 0.69297, 0.225111, -1.18799, 1.1724, 0.530783, 0.788722, 0.836008, 1.17338, 0.750267, -0.391343, -0.0788484, 1.35006, 0.610608, 0.661396, 0.0036527, 1.27952, -0.134024, 0.0872634, 0.919802, 1.16899, 2.02702, 0.77182, -0.208491, -0.165282, 1.36708, 1.25725, -0.547889, -0.454878, 1.71631, -1.48533, -1.20665, 0.930644, -1.02213, 1.6719, 0.105848, -0.91762, -1.24615, 0.0824963, -0.0757767, -1.63206, 1.0482, -2.78085, -0.143879, 1.27065, -1.58476, 1.14966, 0.465763, 0.306873, 1.79117, 2.61482, -0.164551, 0.931886, -0.291523, -1.822, 1.02032, -0.931264, 0.7305, -0.699678, 0.517055, 0.602188, -0.0646054, 0.229335, 0.775538, -0.496371, -1.44319, -0.0191174, -0.96926, 2.10768, 0.409081, 0.219075, -0.194313, -1.68546, 0.146844, -0.447061, -0.800251, -0.529615, -0.241107, 0.875146, 1.68597, 0.386525, 2.47889, -0.00539019, -1.25736, -0.113408, 0.145854, -0.1585, 0.149579, 0.53184, 1.60225, -0.690488, -1.33206, 1.33693, 0.159196, -0.100678, 0.826672, 0.226286, 1.13104, -0.277369, -0.10367, 1.14711, -0.468173, 1.43018, 0.39753, 1.28441, 0.961681, -0.098608, 0.0342336, -0.614537, -1.6827, -0.249792, 0.572969, -1.3552, 0.925011, 0.651304, 0.217699, 0.284754, 0.0575699, -0.369445, 0.60291, 0.0873355, -2.14882, 0.90515, 0.203703, 0.748592, 0.204728, -0.96222, 1.96405, -1.28984, -0.823055, 1.31258, 0.669437, 0.070309, 0.00140624, -0.46675, 2.10756, 0.0997253, 1.33199, -0.834362, -0.827605, -1.7954, -0.0052171, -0.41189, -0.816649, 0.399307, 0.785534, 1.40784, -1.05357, 1.5207, -0.187636, 0.604549, 0.0597119, -1.36328, 0.847996, -1.06428, 1.08348, -0.867985, -0.669257, -1.35413, -0.543846, -0.615134, 1.43234, 1.20585, -1.20306, -0.468888, -0.0724705, 1.23993, -2.29179, 0.882359, -0.524884, 0.962775, -0.0501707, -0.5994, 0.824427, -0.422439, 0.247508, -1.80528, 1.32791, 0.770135, -0.72181, -1.83923, 2.23626, 1.34858, 1.11512, -0.982056, -0.471302, 0.907746, -0.826937, -0.635285, -0.673321, 0.247886, 1.86993, 0.600842, 0.0446033, 0.882688, -0.421287, -0.250248, 0.248411, -0.266401, 1.66102, 0.181515, -0.658579, 1.07432, 0.320226, -0.529774, -0.21853, -0.218699, -0.567883, 0.817648, 0.0874963, 0.594288, -0.667173, -0.228229, -0.339962, -0.118469, 0.87284, 0.637978, -0.335834, -1.08498, -1.10852, 1.35566, 0.65536, 0.429399, -1.34048, -1.57221, -0.00107191, -0.148381, 0.449731, 0.702571, -0.673714, -1.27623, 0.158092, -1.27662, 0.444079, -0.194106, -0.302213, -0.0912695, 0.598108, 0.596817, 0.245974, -0.999034, 0.940168, -0.817109, 0.402502, 1.18496, 0.184553, 1.55037, -0.682319, 1.43454, -0.937981, -1.23337, -1.09028, 0.323302, -1.73737, -1.8853, 0.366547, 0.768453, -0.498711, -0.473773, -1.4306, 0.810088, 0.597922, 0.0879727, -0.291047, 0.0138401, 0.847501, -0.4784, -0.49329, 0.262384, -0.487744, -2.22824, -0.215214, -1.68249, -1.82086, 0.264771, 1.63594, 0.536924, -0.82988, -0.447285, -0.631192, 1.19307, -1.46475, 0.553069, -0.410094, 0.71017, -0.184211, 0.887549, -0.161587, 1.41416, -1.83476, 0.298091, 1.38064, -0.384588, -0.284485, -1.40216, 0.534567, -0.475698, 0.767927, 0.354133, -0.314222, 0.180091, -1.18159, -0.776464, 0.949988, -0.449878, 0.2445, -0.651515, 0.144575, -0.42994, 0.538492, 0.459041, -1.57185, 0.749158, 0.242087, -0.601863, -0.65759, 1.56884, -0.260234, -0.465476, -0.60674, -0.608382, -0.343815, 0.125232, -0.272477, -0.831907, 0.183424, -0.676776, -0.720215, -0.819972, 0.352407, -0.372409, 1.11545, -0.475154, 0.931943, 1.40878, 0.798526, -0.144414, -0.947041, -1.28091, -0.869662, 1.08869, -1.09109, -1.36822, -0.403656, -0.829387, -0.296108, -0.205203, -0.124133, 0.976185, -0.954632, -0.176223, -1.19286, 0.31053, -0.404452, -1.76197, -0.304744 ) 
